频率(Hz),功率谱密度
0.000000000000000000e+00,8.813358306884765625e+00
1.131008030644531648e-01,7.199884796142578125e+01
2.262016061289063296e-01,1.888436317443847656e+01
3.393024091933595221e-01,1.067768859863281250e+01
4.524032122578126591e-01,1.204146289825439453e+01
5.655040153222657962e-01,1.100199317932128906e+01
6.786048183867190442e-01,1.100524616241455078e+01
7.917056214511721812e-01,1.130840969085693359e+01
9.048064245156253183e-01,1.164183998107910156e+01
1.017907227580078455e+00,1.027234554290771484e+01
1.131008030644531592e+00,1.127006626129150391e+01
1.244108833708984729e+00,1.108019542694091797e+01
1.357209636773438088e+00,9.797380447387695312e+00
1.470310439837891225e+00,1.188780307769775391e+01
1.583411242902344362e+00,1.341500186920166016e+01
1.696512045966797499e+00,1.226330566406250000e+01
1.809612849031250637e+00,1.285698413848876953e+01
1.922713652095703774e+00,1.491373729705810547e+01
2.035814455160156911e+00,1.183615303039550781e+01
2.148915258224610270e+00,9.753110885620117188e+00
2.262016061289063185e+00,8.142231941223144531e+00
2.375116864353516544e+00,1.015030097961425781e+01
2.488217667417969459e+00,1.266062927246093750e+01
2.601318470482422818e+00,1.261366748809814453e+01
2.714419273546876177e+00,1.027116298675537109e+01
2.827520076611329092e+00,1.157353687286376953e+01
2.940620879675782451e+00,1.377625179290771484e+01
3.053721682740235366e+00,1.337288093566894531e+01
3.166822485804688725e+00,1.456752395629882812e+01
3.279923288869141640e+00,1.415977001190185547e+01
3.393024091933594999e+00,1.139493274688720703e+01
3.506124894998047914e+00,1.070675563812255859e+01
3.619225698062501273e+00,1.271282100677490234e+01
3.732326501126954632e+00,1.267898941040039062e+01
3.845427304191407547e+00,1.131489467620849609e+01
3.958528107255860906e+00,1.225198745727539062e+01
4.071628910320313821e+00,1.017795562744140625e+01
4.184729713384767180e+00,1.025870704650878906e+01
4.297830516449220539e+00,1.083375644683837891e+01
4.410931319513673010e+00,1.186320304870605469e+01
4.524032122578126369e+00,1.416910457611083984e+01
4.637132925642579728e+00,1.336081695556640625e+01
4.750233728707033087e+00,1.309015369415283203e+01
4.863334531771486446e+00,1.346720123291015625e+01
4.976435334835938917e+00,1.410419559478759766e+01
5.089536137900392276e+00,1.267314338684082031e+01
5.202636940964845635e+00,1.309509181976318359e+01
5.315737744029298995e+00,1.644363021850585938e+01
5.428838547093752354e+00,1.224840927124023438e+01
5.541939350158204824e+00,1.218817710876464844e+01
5.655040153222658184e+00,1.169484806060791016e+01
5.768140956287111543e+00,1.505721664428710938e+01
5.881241759351564902e+00,1.888471794128417969e+01
5.994342562416017373e+00,1.901472854614257812e+01
6.107443365480470732e+00,1.906529808044433594e+01
6.220544168544924091e+00,1.973181915283203125e+01
6.333644971609377450e+00,2.382558250427246094e+01
6.446745774673830809e+00,2.675984001159667969e+01
6.559846577738283280e+00,2.985233688354492188e+01
6.672947380802736639e+00,5.303064727783203125e+01
6.786048183867189998e+00,6.902827453613281250e+01
6.899148986931643357e+00,5.494920730590820312e+01
7.012249789996095828e+00,5.264841079711914062e+01
7.125350593060549187e+00,4.327815628051757812e+01
7.238451396125002546e+00,3.689353561401367188e+01
7.351552199189455905e+00,3.469952011108398438e+01
7.464653002253909264e+00,2.904874038696289062e+01
7.577753805318361735e+00,2.341196823120117188e+01
7.690854608382815094e+00,2.282348823547363281e+01
7.803955411447268453e+00,2.053894233703613281e+01
7.917056214511721812e+00,1.960213279724121094e+01
8.030157017576174283e+00,1.975064468383789062e+01
8.143257820640627642e+00,1.821228408813476562e+01
8.256358623705081001e+00,1.882032203674316406e+01
8.369459426769534360e+00,2.079761695861816406e+01
8.482560229833987719e+00,1.796933174133300781e+01
8.595661032898441078e+00,1.618349075317382812e+01
8.708761835962894438e+00,1.653140830993652344e+01
8.821862639027346020e+00,1.746545410156250000e+01
8.934963442091799379e+00,2.651479148864746094e+01
9.048064245156252738e+00,2.647808647155761719e+01
9.161165048220706097e+00,2.302241134643554688e+01
9.274265851285159457e+00,2.127148437500000000e+01
9.387366654349612816e+00,2.324847793579101562e+01
9.500467457414066175e+00,2.064103317260742188e+01
9.613568260478519534e+00,2.196964073181152344e+01
9.726669063542972893e+00,2.612856101989746094e+01
9.839769866607424476e+00,3.214047622680664062e+01
9.952870669671877835e+00,3.818230438232421875e+01
1.006597147273633119e+01,3.565839767456054688e+01
1.017907227580078455e+01,3.486963653564453125e+01
1.029217307886523791e+01,4.154887008666992188e+01
1.040527388192969127e+01,5.390648651123046875e+01
1.051837468499414463e+01,5.641374588012695312e+01
1.063147548805859799e+01,4.505998229980468750e+01
1.074457629112305135e+01,5.027854156494140625e+01
1.085767709418750471e+01,4.765742111206054688e+01
1.097077789725195629e+01,3.201006317138671875e+01
1.108387870031640965e+01,2.521128082275390625e+01
1.119697950338086301e+01,2.851493263244628906e+01
1.131008030644531637e+01,2.485811805725097656e+01
1.142318110950976973e+01,2.344971275329589844e+01
1.153628191257422309e+01,2.151613235473632812e+01
1.164938271563867644e+01,2.005337333679199219e+01
1.176248351870312980e+01,1.690386772155761719e+01
1.187558432176758316e+01,1.505696582794189453e+01
1.198868512483203475e+01,2.067585754394531250e+01
1.210178592789648810e+01,1.888559150695800781e+01
1.221488673096094146e+01,1.673877143859863281e+01
1.232798753402539482e+01,1.995767402648925781e+01
1.244108833708984818e+01,2.064283180236816406e+01
1.255418914015430154e+01,1.795322799682617188e+01
1.266728994321875490e+01,1.912666893005371094e+01
1.278039074628320826e+01,2.071720886230468750e+01
1.289349154934766162e+01,2.030435371398925781e+01
1.300659235241211320e+01,2.056438636779785156e+01
1.311969315547656656e+01,1.822963333129882812e+01
1.323279395854101992e+01,2.105851745605468750e+01
1.334589476160547328e+01,2.200548744201660156e+01
1.345899556466992664e+01,2.093086814880371094e+01
1.357209636773438000e+01,1.858935546875000000e+01
1.368519717079883335e+01,2.097601699829101562e+01
1.379829797386328671e+01,2.238438415527343750e+01
1.391139877692774007e+01,1.934351921081542969e+01
1.402449957999219166e+01,1.982383728027343750e+01
1.413760038305664501e+01,2.060899734497070312e+01
1.425070118612109837e+01,2.152042388916015625e+01
1.436380198918555173e+01,2.225160598754882812e+01
1.447690279225000509e+01,1.613722801208496094e+01
1.459000359531445845e+01,1.513556003570556641e+01
1.470310439837891181e+01,1.426077556610107422e+01
1.481620520144336517e+01,1.419628810882568359e+01
1.492930600450781853e+01,1.900013351440429688e+01
1.504240680757227011e+01,2.137520408630371094e+01
1.515550761063672347e+01,1.757911300659179688e+01
1.526860841370117683e+01,1.957912063598632812e+01
1.538170921676563019e+01,2.247292900085449219e+01
1.549481001983008355e+01,2.172013092041015625e+01
1.560791082289453691e+01,2.153350448608398438e+01
1.572101162595899027e+01,2.256257629394531250e+01
1.583411242902344362e+01,2.702343559265136719e+01
1.594721323208789698e+01,2.248696708679199219e+01
1.606031403515234857e+01,2.554602813720703125e+01
1.617341483821680370e+01,1.948790931701660156e+01
1.628651564128125528e+01,1.728086853027343750e+01
1.639961644434571042e+01,1.485736083984375000e+01
1.651271724741016200e+01,1.505880355834960938e+01
1.662581805047461359e+01,1.417082691192626953e+01
1.673891885353906872e+01,1.323310947418212891e+01
1.685201965660352030e+01,1.478410148620605469e+01
1.696512045966797544e+01,1.594307899475097656e+01
1.707822126273242702e+01,1.210556793212890625e+01
1.719132206579688216e+01,1.315455436706542969e+01
1.730442286886133374e+01,1.157114410400390625e+01
1.741752367192578888e+01,1.385767555236816406e+01
1.753062447499024046e+01,1.444007968902587891e+01
1.764372527805469204e+01,1.419699096679687500e+01
1.775682608111914718e+01,1.342495059967041016e+01
1.786992688418359876e+01,1.160873699188232422e+01
1.798302768724805389e+01,1.274528026580810547e+01
1.809612849031250548e+01,1.445149707794189453e+01
1.820922929337696061e+01,1.427895641326904297e+01
1.832233009644141219e+01,1.326583671569824219e+01
1.843543089950586733e+01,1.202055263519287109e+01
1.854853170257031891e+01,1.358305168151855469e+01
1.866163250563477050e+01,1.459260177612304688e+01
1.877473330869922563e+01,1.422143554687500000e+01
1.888783411176367721e+01,1.185033416748046875e+01
1.900093491482813235e+01,1.136312103271484375e+01
1.911403571789258393e+01,1.222613430023193359e+01
1.922713652095703907e+01,1.434692096710205078e+01
1.934023732402149065e+01,1.503191757202148438e+01
1.945333812708594579e+01,1.281175708770751953e+01
1.956643893015039737e+01,1.051044750213623047e+01
1.967953973321484895e+01,1.184202957153320312e+01
1.979264053627930409e+01,1.352086067199707031e+01
1.990574133934375567e+01,1.210982322692871094e+01
2.001884214240821080e+01,1.426067638397216797e+01
2.013194294547266239e+01,1.608160018920898438e+01
2.024504374853711752e+01,1.467296504974365234e+01
2.035814455160156911e+01,1.299119758605957031e+01
2.047124535466602424e+01,1.524952888488769531e+01
2.058434615773047582e+01,1.631815528869628906e+01
2.069744696079492741e+01,2.006577873229980469e+01
2.081054776385938254e+01,2.176823997497558594e+01
2.092364856692383412e+01,1.718726921081542969e+01
2.103674936998828926e+01,1.700646018981933594e+01
2.114985017305274084e+01,1.354015541076660156e+01
2.126295097611719598e+01,1.256161499023437500e+01
2.137605177918164756e+01,1.479838275909423828e+01
2.148915258224610270e+01,1.572772693634033203e+01
2.160225338531055428e+01,1.243265914916992188e+01
2.171535418837500941e+01,1.444230842590332031e+01
2.182845499143946100e+01,1.613352012634277344e+01
2.194155579450391258e+01,1.364880561828613281e+01
2.205465659756836772e+01,8.812594413757324219e+00
2.216775740063281930e+01,1.176581382751464844e+01
2.228085820369727443e+01,1.495938682556152344e+01
2.239395900676172602e+01,1.460935020446777344e+01
2.250705980982618115e+01,1.321162319183349609e+01
2.262016061289063273e+01,1.242190933227539062e+01
2.273326141595508787e+01,1.261021804809570312e+01
2.284636221901953945e+01,1.163633441925048828e+01
2.295946302208399104e+01,1.118897151947021484e+01
2.307256382514844617e+01,1.135166549682617188e+01
2.318566462821289775e+01,1.251158237457275391e+01
2.329876543127735289e+01,1.381586074829101562e+01
2.341186623434180447e+01,1.081840229034423828e+01
2.352496703740625961e+01,1.136197948455810547e+01
2.363806784047071119e+01,1.053145122528076172e+01
2.375116864353516632e+01,1.045194053649902344e+01
2.386426944659961791e+01,1.127210807800292969e+01
2.397737024966406949e+01,1.209480857849121094e+01
2.409047105272852463e+01,1.151086044311523438e+01
2.420357185579297621e+01,1.338597488403320312e+01
2.431667265885743134e+01,1.295577716827392578e+01
2.442977346192188293e+01,1.210957813262939453e+01
2.454287426498633806e+01,1.256553268432617188e+01
2.465597506805078964e+01,1.061250209808349609e+01
2.476907587111524478e+01,8.484737396240234375e+00
2.488217667417969636e+01,1.179623126983642578e+01
2.499527747724414795e+01,1.293668460845947266e+01
2.510837828030860308e+01,1.062338733673095703e+01
2.522147908337305466e+01,1.087041568756103516e+01
2.533457988643750980e+01,8.706279754638671875e+00
2.544768068950196138e+01,1.006559658050537109e+01
2.556078149256641652e+01,1.199747276306152344e+01
2.567388229563086810e+01,1.101520442962646484e+01
2.578698309869532324e+01,1.212133216857910156e+01
2.590008390175977482e+01,1.380867576599121094e+01
2.601318470482422640e+01,1.165184783935546875e+01
2.612628550788868154e+01,1.075003910064697266e+01
2.623938631095313312e+01,1.182661628723144531e+01
2.635248711401758825e+01,1.251564121246337891e+01
2.646558791708203984e+01,1.052090930938720703e+01
2.657868872014649497e+01,9.512267112731933594e+00
2.669178952321094656e+01,1.001464271545410156e+01
2.680489032627540169e+01,1.135820484161376953e+01
2.691799112933985327e+01,1.300330066680908203e+01
2.703109193240430486e+01,1.398608016967773438e+01
2.714419273546875999e+01,1.256853103637695312e+01
2.725729353853321157e+01,1.241796779632568359e+01
2.737039434159766671e+01,1.073827838897705078e+01
2.748349514466211829e+01,1.065721893310546875e+01
2.759659594772657343e+01,1.070231056213378906e+01
2.770969675079102501e+01,1.161354160308837891e+01
2.782279755385548015e+01,1.261616611480712891e+01
2.793589835691993173e+01,1.132858371734619141e+01
2.804899915998438331e+01,1.363274765014648438e+01
2.816209996304883845e+01,1.297678947448730469e+01
2.827520076611329003e+01,1.113177680969238281e+01
2.838830156917774517e+01,1.082281589508056641e+01
2.850140237224219675e+01,9.960107803344726562e+00
2.861450317530665188e+01,9.149404525756835938e+00
2.872760397837110347e+01,1.139175033569335938e+01
2.884070478143555860e+01,1.036287593841552734e+01
2.895380558450001018e+01,4.422678947448730469e+00
