频率(Hz),功率谱密度
0.000000000000000000e+00,1.244346332550048828e+01
1.599591161425822639e-01,1.268300857543945312e+02
3.199182322851645277e-01,7.806446075439453125e+01
4.798773484277467638e-01,5.917242050170898438e+01
6.398364645703290554e-01,5.336618804931640625e+01
7.997955807129113470e-01,5.332213592529296875e+01
9.597546968554935276e-01,4.625977325439453125e+01
1.119713812998075930e+00,4.423917770385742188e+01
1.279672929140658111e+00,4.294554138183593750e+01
1.439632045283240291e+00,4.297999191284179688e+01
1.599591161425822694e+00,4.502093124389648438e+01
1.759550277568404875e+00,4.506048202514648438e+01
1.919509393710987055e+00,4.333337020874023438e+01
2.079468509853569458e+00,4.702500534057617188e+01
2.239427625996151860e+00,4.665945053100585938e+01
2.399386742138733819e+00,4.721816635131835938e+01
2.559345858281316222e+00,4.755745697021484375e+01
2.719304974423898624e+00,4.587486648559570312e+01
2.879264090566480583e+00,4.928586578369140625e+01
3.039223206709062985e+00,4.739416885375976562e+01
3.199182322851645388e+00,4.405740737915039062e+01
3.359141438994227347e+00,4.890948867797851562e+01
3.519100555136809749e+00,4.934665298461914062e+01
3.679059671279392152e+00,4.792365264892578125e+01
3.839018787421974110e+00,4.730385208129882812e+01
3.998977903564556513e+00,5.064108657836914062e+01
4.158937019707138916e+00,5.022907257080078125e+01
4.318896135849721318e+00,4.687085342407226562e+01
4.478855251992303721e+00,4.884894943237304688e+01
4.638814368134885235e+00,4.710270309448242188e+01
4.798773484277467638e+00,4.995685577392578125e+01
4.958732600420050041e+00,5.000585937500000000e+01
5.118691716562632443e+00,5.168350219726562500e+01
5.278650832705214846e+00,5.550401687622070312e+01
5.438609948847797249e+00,5.458250045776367188e+01
5.598569064990379651e+00,5.083923721313476562e+01
5.758528181132961166e+00,4.344017791748046875e+01
5.918487297275543568e+00,4.237000274658203125e+01
6.078446413418125971e+00,4.632762908935546875e+01
6.238405529560708374e+00,4.847615814208984375e+01
6.398364645703290776e+00,5.258021545410156250e+01
6.558323761845873179e+00,5.262195968627929688e+01
6.718282877988454693e+00,5.339963150024414062e+01
6.878241994131037096e+00,5.408238983154296875e+01
7.038201110273619499e+00,5.528435516357421875e+01
7.198160226416201901e+00,5.457819366455078125e+01
7.358119342558784304e+00,5.437604904174804688e+01
7.518078458701366706e+00,5.106100082397460938e+01
7.678037574843948221e+00,4.645085906982421875e+01
7.837996690986530623e+00,5.106021881103515625e+01
7.997955807129113026e+00,5.029187011718750000e+01
8.157914923271695429e+00,5.026104354858398438e+01
8.317874039414277831e+00,5.043828964233398438e+01
8.477833155556860234e+00,4.966938018798828125e+01
8.637792271699442637e+00,5.328683090209960938e+01
8.797751387842025039e+00,5.393244171142578125e+01
8.957710503984607442e+00,5.270965576171875000e+01
9.117669620127189845e+00,5.115118789672851562e+01
9.277628736269770471e+00,5.248885345458984375e+01
9.437587852412352873e+00,5.046891784667968750e+01
9.597546968554935276e+00,5.212661743164062500e+01
9.757506084697517679e+00,6.198337173461914062e+01
9.917465200840100081e+00,5.846473312377929688e+01
1.007742431698268248e+01,5.525675201416015625e+01
1.023738343312526489e+01,5.224001693725585938e+01
1.039734254926784729e+01,5.968925094604492188e+01
1.055730166541042969e+01,5.576812744140625000e+01
1.071726078155301209e+01,5.266948318481445312e+01
1.087721989769559450e+01,5.520984268188476562e+01
1.103717901383817690e+01,5.472703933715820312e+01
1.119713812998075930e+01,5.760796737670898438e+01
1.135709724612333993e+01,5.719458389282226562e+01
1.151705636226592233e+01,5.908832168579101562e+01
1.167701547840850473e+01,5.472996139526367188e+01
1.183697459455108714e+01,5.421198272705078125e+01
1.199693371069366954e+01,5.450642395019531250e+01
1.215689282683625194e+01,5.941694641113281250e+01
1.231685194297883434e+01,6.219322967529296875e+01
1.247681105912141675e+01,5.917707443237304688e+01
1.263677017526399915e+01,5.255862426757812500e+01
1.279672929140658155e+01,5.274250793457031250e+01
1.295668840754916395e+01,5.482682037353515625e+01
1.311664752369174636e+01,5.694116210937500000e+01
1.327660663983432876e+01,5.351601028442382812e+01
1.343656575597690939e+01,5.293799209594726562e+01
1.359652487211949179e+01,5.646773529052734375e+01
1.375648398826207419e+01,5.979560470581054688e+01
1.391644310440465659e+01,6.022624206542968750e+01
1.407640222054723900e+01,5.603059005737304688e+01
1.423636133668982140e+01,6.199688720703125000e+01
1.439632045283240380e+01,6.559989166259765625e+01
1.455627956897498620e+01,6.690393829345703125e+01
1.471623868511756861e+01,6.252419281005859375e+01
1.487619780126015101e+01,6.136753082275390625e+01
1.503615691740273341e+01,6.160827636718750000e+01
1.519611603354531582e+01,5.878750610351562500e+01
1.535607514968789644e+01,6.360472488403320312e+01
1.551603426583047884e+01,6.460937500000000000e+01
1.567599338197306125e+01,6.497281646728515625e+01
1.583595249811564365e+01,6.665100097656250000e+01
1.599591161425822605e+01,5.985583496093750000e+01
1.615587073040081023e+01,6.045847320556640625e+01
1.631582984654339086e+01,6.846288299560546875e+01
1.647578896268597148e+01,6.291021728515625000e+01
1.663574807882855566e+01,6.362113571166992188e+01
1.679570719497113629e+01,6.669020843505859375e+01
1.695566631111372047e+01,6.987431335449218750e+01
1.711562542725630109e+01,7.358890533447265625e+01
1.727558454339888527e+01,8.022750091552734375e+01
1.743554365954146590e+01,9.028507995605468750e+01
1.759550277568405008e+01,9.843381500244140625e+01
1.775546189182663070e+01,9.696016693115234375e+01
1.791542100796921488e+01,8.469791412353515625e+01
1.807538012411179551e+01,9.042136383056640625e+01
1.823533924025437969e+01,9.899065399169921875e+01
1.839529835639696032e+01,1.271678009033203125e+02
1.855525747253954094e+01,1.657716217041015625e+02
1.871521658868212512e+01,2.132289581298828125e+02
1.887517570482470575e+01,3.007274169921875000e+02
1.903513482096728993e+01,5.094480285644531250e+02
1.919509393710987055e+01,8.252308349609375000e+02
1.935505305325245473e+01,1.118262817382812500e+03
1.951501216939503536e+01,1.249689331054687500e+03
1.967497128553761954e+01,1.273052001953125000e+03
1.983493040168020016e+01,8.512389526367187500e+02
1.999488951782278434e+01,3.848663635253906250e+02
2.015484863396536497e+01,1.980609741210937500e+02
2.031480775010794915e+01,1.270963821411132812e+02
2.047476686625052977e+01,9.405851745605468750e+01
2.063472598239311040e+01,8.326632690429687500e+01
2.079468509853569458e+01,7.607770538330078125e+01
2.095464421467827520e+01,7.814633178710937500e+01
2.111460333082085938e+01,8.560044860839843750e+01
2.127456244696344001e+01,7.975149536132812500e+01
2.143452156310602419e+01,7.615194702148437500e+01
2.159448067924860482e+01,8.103455352783203125e+01
2.175443979539118899e+01,8.111534881591796875e+01
2.191439891153376962e+01,8.088404083251953125e+01
2.207435802767635380e+01,7.940314483642578125e+01
2.223431714381893443e+01,7.541542816162109375e+01
2.239427625996151860e+01,7.400970458984375000e+01
2.255423537610409923e+01,7.043830871582031250e+01
2.271419449224667986e+01,6.640943145751953125e+01
2.287415360838926404e+01,6.825453948974609375e+01
2.303411272453184466e+01,7.326400756835937500e+01
2.319407184067442884e+01,7.206070709228515625e+01
2.335403095681700947e+01,7.171272277832031250e+01
2.351399007295959365e+01,6.880803680419921875e+01
2.367394918910217427e+01,6.801776885986328125e+01
2.383390830524475845e+01,6.965307617187500000e+01
2.399386742138733908e+01,7.104261016845703125e+01
2.415382653752992326e+01,7.795448303222656250e+01
2.431378565367250388e+01,7.514815521240234375e+01
2.447374476981508806e+01,7.050387573242187500e+01
2.463370388595766869e+01,6.503710937500000000e+01
2.479366300210024932e+01,6.685012817382812500e+01
2.495362211824283349e+01,7.105879211425781250e+01
2.511358123438541412e+01,6.586026763916015625e+01
2.527354035052799830e+01,6.049125289916992188e+01
2.543349946667057893e+01,6.466951751708984375e+01
2.559345858281316310e+01,6.254129409790039062e+01
2.575341769895574373e+01,5.577943038940429688e+01
2.591337681509832791e+01,5.535196304321289062e+01
2.607333593124090854e+01,6.156567001342773438e+01
2.623329504738349272e+01,6.383099746704101562e+01
2.639325416352607334e+01,6.152114105224609375e+01
2.655321327966865752e+01,6.145479202270507812e+01
2.671317239581123815e+01,6.011286926269531250e+01
2.687313151195381877e+01,6.103263854980468750e+01
2.703309062809640295e+01,6.304469299316406250e+01
2.719304974423898358e+01,5.755034255981445312e+01
2.735300886038156776e+01,6.004878234863281250e+01
2.751296797652414838e+01,5.970581054687500000e+01
2.767292709266673256e+01,6.203744506835937500e+01
2.783288620880931319e+01,6.198694610595703125e+01
2.799284532495189737e+01,6.545880126953125000e+01
2.815280444109447799e+01,5.993965911865234375e+01
2.831276355723706217e+01,5.957564926147460938e+01
2.847272267337964280e+01,6.200469970703125000e+01
2.863268178952222698e+01,6.477895355224609375e+01
2.879264090566480760e+01,6.002225494384765625e+01
2.895260002180738823e+01,6.123426437377929688e+01
2.911255913794997241e+01,5.655753707885742188e+01
2.927251825409255304e+01,6.234097671508789062e+01
2.943247737023513722e+01,6.022560119628906250e+01
2.959243648637771784e+01,5.460043334960937500e+01
2.975239560252030202e+01,5.376288986206054688e+01
2.991235471866288265e+01,5.821086120605468750e+01
3.007231383480546683e+01,5.963845062255859375e+01
3.023227295094804745e+01,6.503889465332031250e+01
3.039223206709063163e+01,5.808243560791015625e+01
3.055219118323321226e+01,5.523772048950195312e+01
3.071215029937579288e+01,5.253834915161132812e+01
3.087210941551837706e+01,5.198476409912109375e+01
3.103206853166095769e+01,5.506537628173828125e+01
3.119202764780354187e+01,5.727791595458984375e+01
3.135198676394612249e+01,5.353858184814453125e+01
3.151194588008870667e+01,5.800806427001953125e+01
3.167190499623128730e+01,6.282377243041992188e+01
3.183186411237387148e+01,6.558469390869140625e+01
3.199182322851645210e+01,5.953136825561523438e+01
3.215178234465903273e+01,5.440477371215820312e+01
3.231174146080162046e+01,5.187005233764648438e+01
3.247170057694420109e+01,5.247514343261718750e+01
3.263165969308678172e+01,5.151705169677734375e+01
3.279161880922936234e+01,5.539712142944335938e+01
3.295157792537194297e+01,6.769608306884765625e+01
3.311153704151453070e+01,5.933937454223632812e+01
3.327149615765711133e+01,5.488933181762695312e+01
3.343145527379969195e+01,5.921698379516601562e+01
3.359141438994227258e+01,6.041300582885742188e+01
3.375137350608486031e+01,6.045183181762695312e+01
3.391133262222744094e+01,6.416604614257812500e+01
3.407129173837002156e+01,6.479195404052734375e+01
3.423125085451260219e+01,6.335300445556640625e+01
3.439120997065518992e+01,6.669246673583984375e+01
3.455116908679777055e+01,6.590438842773437500e+01
3.471112820294035117e+01,6.804161834716796875e+01
3.487108731908293180e+01,6.466143035888671875e+01
3.503104643522551243e+01,6.003577804565429688e+01
3.519100555136810016e+01,6.083263778686523438e+01
3.535096466751068078e+01,6.390774154663085938e+01
3.551092378365326141e+01,5.869104766845703125e+01
3.567088289979584204e+01,5.650733947753906250e+01
3.583084201593842977e+01,6.268537139892578125e+01
3.599080113208101039e+01,6.582604980468750000e+01
3.615076024822359102e+01,7.014611053466796875e+01
3.631071936436617165e+01,6.595603179931640625e+01
3.647067848050875938e+01,6.870979309082031250e+01
3.663063759665134000e+01,7.469367218017578125e+01
3.679059671279392063e+01,7.598090362548828125e+01
3.695055582893650126e+01,7.567054748535156250e+01
3.711051494507908188e+01,7.247261047363281250e+01
3.727047406122166961e+01,7.423798370361328125e+01
3.743043317736425024e+01,8.119838714599609375e+01
3.759039229350683087e+01,8.944787597656250000e+01
3.775035140964941149e+01,9.885202026367187500e+01
3.791031052579199923e+01,1.072218627929687500e+02
3.807026964193457985e+01,1.030341644287109375e+02
3.823022875807716048e+01,1.199627914428710938e+02
3.839018787421974110e+01,1.343418121337890625e+02
3.855014699036232884e+01,1.568525695800781250e+02
3.871010610650490946e+01,1.706760253906250000e+02
3.887006522264749009e+01,1.614294891357421875e+02
3.903002433879007071e+01,1.627965240478515625e+02
3.918998345493265134e+01,1.642169494628906250e+02
3.934994257107523907e+01,1.692464752197265625e+02
3.950990168721781970e+01,1.635611267089843750e+02
3.966986080336040033e+01,1.488237762451171875e+02
3.982981991950298095e+01,1.327521972656250000e+02
3.998977903564556868e+01,1.137350845336914062e+02
4.014973815178814931e+01,8.481656646728515625e+01
4.030969726793072994e+01,8.106517791748046875e+01
4.046965638407331056e+01,7.721644592285156250e+01
4.062961550021589829e+01,7.543546295166015625e+01
4.078957461635847892e+01,8.023145294189453125e+01
4.094953373250105955e+01,3.903091812133789062e+01
